        100000 1000 
        183 4065 
        865 6383 
        78 179 
        93 9827 
        736 5969 
        437 6413 
        546 959 
        630 3332 
        115 1024 
        700 1408 
        740 2997 
        921 3853 
        144 5586 
        554 467 
        6 7698 
        900 5940 
        804 8030 
        898 6022 
        621 2376 
        274 2354 
        390 8878 
        592 4366 
        934 8076 
        546 4839 
        612 785 
        686 2817 
        269 2341 
        210 2595 
        637 7930 
        346 2909 
